<svg width="424" height="175" viewBox="0 0 424 175" fill="none" xmlns="http://www.w3.org/2000/svg">
<g clip-path="url(#clip0_6690_11123)">
<path d="M220.333 70.4997H206.999C202.406 70.4997 198.666 66.7597 198.666 62.1663V55.4997C198.666 54.5797 199.413 53.833 200.333 53.833C201.253 53.833 201.999 54.5797 201.999 55.4997V62.1663C201.999 64.923 204.243 67.1663 206.999 67.1663H220.333C221.253 67.1663 221.999 67.913 221.999 68.833C221.999 69.753 221.253 70.4997 220.333 70.4997Z" fill="white"/>
<path d="M207 37.1663H173.667C172.747 37.1663 172 36.4197 172 35.4997C172 34.5797 172.747 33.833 173.667 33.833H207C207.92 33.833 208.667 34.5797 208.667 35.4997C208.667 36.4197 207.92 37.1663 207 37.1663Z" fill="white"/>
<path d="M225.333 80.5C221.656 80.5 218.666 77.51 218.666 73.8333V13.8333C218.666 10.9667 220.506 8.43 223.243 7.51667L243.243 0.85C243.876 0.623333 244.593 0.5 245.333 0.5C249.009 0.5 251.999 3.49 251.999 7.16667V67.1667C251.999 70.03 250.163 72.57 247.426 73.48L227.426 80.1467C226.783 80.3767 226.066 80.5 225.333 80.5ZM245.333 3.83333C244.986 3.83333 244.639 3.89333 244.333 4L224.296 10.68C222.919 11.1367 221.999 12.4033 221.999 13.8333V73.8333C221.999 75.67 223.496 77.1667 225.333 77.1667C225.679 77.1667 226.026 77.1067 226.339 76.9967L246.373 70.32C247.743 69.86 248.666 68.5933 248.666 67.1667V7.16667C248.666 5.33 247.169 3.83333 245.333 3.83333Z" fill="white"/>
<path d="M200.333 17.1667C199.413 17.1667 198.666 16.42 198.666 15.5V8.83333C198.666 4.24 202.406 0.5 206.999 0.5H245.333C246.253 0.5 246.999 1.24667 246.999 2.16667C246.999 3.08667 246.253 3.83333 245.333 3.83333H206.999C204.243 3.83333 201.999 6.07667 201.999 8.83333V15.5C201.999 16.42 201.253 17.1667 200.333 17.1667Z" fill="white"/>
<path d="M193.668 50.5004C193.241 50.5004 192.814 50.3371 192.487 50.0138C191.838 49.3638 191.838 48.3071 192.487 47.6571L204.644 35.5004L192.487 23.3471C191.838 22.6971 191.838 21.6404 192.487 20.9904C193.137 20.3404 194.194 20.3404 194.844 20.9904L208.177 34.3238C208.827 34.9738 208.827 36.0304 208.177 36.6804L194.844 50.0138C194.521 50.3371 194.094 50.5004 193.668 50.5004Z" fill="white"/>
</g>
<path d="M137.8 156.5V113.3H144.07V150.59H163.63V156.5H137.8ZM182.793 157.4C179.553 157.4 176.743 156.67 174.363 155.21C171.983 153.75 170.143 151.74 168.843 149.18C167.563 146.6 166.923 143.63 166.923 140.27C166.923 136.89 167.583 133.92 168.903 131.36C170.223 128.78 172.073 126.78 174.453 125.36C176.833 123.92 179.613 123.2 182.793 123.2C186.033 123.2 188.843 123.93 191.223 125.39C193.603 126.85 195.443 128.86 196.743 131.42C198.043 133.98 198.693 136.93 198.693 140.27C198.693 143.65 198.033 146.63 196.713 149.21C195.413 151.77 193.573 153.78 191.193 155.24C188.813 156.68 186.013 157.4 182.793 157.4ZM182.793 151.49C185.893 151.49 188.203 150.45 189.723 148.37C191.263 146.27 192.033 143.57 192.033 140.27C192.033 136.89 191.253 134.19 189.693 132.17C188.153 130.13 185.853 129.11 182.793 129.11C180.693 129.11 178.963 129.59 177.603 130.55C176.243 131.49 175.233 132.8 174.573 134.48C173.913 136.14 173.583 138.07 173.583 140.27C173.583 143.67 174.363 146.39 175.923 148.43C177.483 150.47 179.773 151.49 182.793 151.49ZM218.636 171.8C216.896 171.8 215.206 171.53 213.566 170.99C211.946 170.45 210.466 169.65 209.126 168.59C207.786 167.55 206.676 166.26 205.796 164.72L211.586 161.78C212.286 163.16 213.286 164.17 214.586 164.81C215.886 165.45 217.256 165.77 218.696 165.77C220.476 165.77 221.996 165.45 223.256 164.81C224.516 164.19 225.466 163.25 226.106 161.99C226.766 160.73 227.086 159.17 227.066 157.31V148.25H227.816V124.1H233.366V157.37C233.366 158.23 233.336 159.05 233.276 159.83C233.216 160.61 233.106 161.39 232.946 162.17C232.486 164.35 231.606 166.15 230.306 167.57C229.026 168.99 227.386 170.05 225.386 170.75C223.406 171.45 221.156 171.8 218.636 171.8ZM218.156 157.4C215.136 157.4 212.526 156.65 210.326 155.15C208.146 153.65 206.456 151.61 205.256 149.03C204.076 146.43 203.486 143.51 203.486 140.27C203.486 137.01 204.086 134.1 205.286 131.54C206.486 128.96 208.186 126.93 210.386 125.45C212.606 123.95 215.236 123.2 218.276 123.2C221.336 123.2 223.906 123.95 225.986 125.45C228.086 126.93 229.666 128.96 230.726 131.54C231.806 134.12 232.346 137.03 232.346 140.27C232.346 143.51 231.806 146.42 230.726 149C229.646 151.58 228.056 153.63 225.956 155.15C223.856 156.65 221.256 157.4 218.156 157.4ZM219.026 151.73C221.086 151.73 222.766 151.24 224.066 150.26C225.366 149.28 226.316 147.93 226.916 146.21C227.516 144.49 227.816 142.51 227.816 140.27C227.816 138.03 227.506 136.05 226.886 134.33C226.286 132.61 225.346 131.27 224.066 130.31C222.806 129.35 221.196 128.87 219.236 128.87C217.156 128.87 215.446 129.38 214.106 130.4C212.766 131.42 211.766 132.79 211.106 134.51C210.466 136.23 210.146 138.15 210.146 140.27C210.146 142.41 210.466 144.35 211.106 146.09C211.766 147.81 212.746 149.18 214.046 150.2C215.366 151.22 217.026 151.73 219.026 151.73ZM242.39 118.79V112.7H248.66V118.79H242.39ZM242.39 156.5V124.1H248.66V156.5H242.39ZM280.409 156.5V140.57C280.409 139.31 280.299 138.02 280.079 136.7C279.879 135.36 279.479 134.12 278.879 132.98C278.299 131.84 277.469 130.92 276.389 130.22C275.329 129.52 273.939 129.17 272.219 129.17C271.099 129.17 270.039 129.36 269.039 129.74C268.039 130.1 267.159 130.69 266.399 131.51C265.659 132.33 265.069 133.41 264.629 134.75C264.209 136.09 263.999 137.72 263.999 139.64L260.099 138.17C260.099 135.23 260.649 132.64 261.749 130.4C262.849 128.14 264.429 126.38 266.489 125.12C268.549 123.86 271.039 123.23 273.959 123.23C276.199 123.23 278.079 123.59 279.599 124.31C281.119 125.03 282.349 125.98 283.289 127.16C284.249 128.32 284.979 129.59 285.479 130.97C285.979 132.35 286.319 133.7 286.499 135.02C286.679 136.34 286.769 137.5 286.769 138.5V156.5H280.409ZM257.639 156.5V124.1H263.249V133.46H263.999V156.5H257.639Z" fill="white"/>
<defs>
<clipPath id="clip0_6690_11123">
<rect width="80" height="80" fill="white" transform="translate(172 0.5)"/>
</clipPath>
</defs>
</svg>
